rep;cond;nacl;seeds;D0;D1;D2;D3;D4;D5;D6;D7;LR;BM
1;1;0;10;0;2;5;6;7;8;8;10;3.3;1.86
2;1;0;10;0;4;8;8;9;9;9;10;2.3;1.9
3;1;0;10;0;2;4;6;8;8;8;10;2.47;1.88
4;1;0;10;0;1;2;2;2;2;9;9;2,56;1.85
5;1;0;10;0;0;1;1;1;1;5;8;3.35;1.85
6;1;0;10;0;4;5;6;6;6;6;8;3.33;2.02
7;1;0;10;0;0;0;1;3;4;5;9;3,15;1.75
8;1;0;10;0;0;0;2;5;7;9;10;1.01;1.35
9;1;0;10;0;0;0;0;0;0;6;8;2.01;3.33
10;1;0;10;0;0;2;5;6;8;9;10;2.47;1.3
11;1;0;10;0;0;1;1;2;3;5;7;2.366;1.68
12;1;0;10;0;0;4;6;8;8;8;8;2.43;1.85
13;1;0;10;0;0;2;2;2;2;9;9;2.492;1.98
14;1;0;10;0;0;1;3;5;7;9;10;1.84;1.39
15;1;0;10;0;0;5;6;6;6;6;8;3.75;1.41
1;2;0;10;0;0;0;2;4;5;8;10;2.53;2.76
2;2;0;10;0;0;1;4;6;8;10;10;5.6;1.66
3;2;0;10;0;0;0;3;5;8;9;9;2.81;2.39
4;2;0;10;0;0;0;3;5;7;9;9;2.36;1.4
5;2;0;10;0;0;1;3;6;8;9;9;5.519;1.92
6;2;0;10;0;0;2;4;7;9;9;9;2.6;1.34
7;2;0;10;0;0;1;2;4;6;8;9;5.2;2.43
8;2;0;10;0;0;0;2;3;4;6;10;40.509;1.47
9;2;0;10;0;0;1;3;5;6;6;9;4.24;2.02
10;2;0;10;0;0;2;3;5;7;8;9;5.96;2.56
11;2;0;10;0;0;1;2;4;5;8;7;2.02;1.94
12;2;0;10;0;0;2;3;6;9;10;10;1.9;1.72
13;2;0;10;0;0;1;2;4;6;8;9;1.35;2.4
14;2;0;10;0;0;0;2;3;4;6;10;4.08;2.81
15;2;0;10;0;0;2;3;5;6;6;8;2.039;2.56
1;1;1;10;0;0;0;0;3;5;6;8;1.63;1.53
2;1;1;10;0;0;0;1;5;7;8;9;5;1.95
3;1;1;10;0;0;2;3;3;4;4;7;1.57;1.77
4;1;1;10;0;0;1;2;4;5;6;9;1.87;1.91
5;1;1;10;0;0;1;2;7;9;9;9;3.25;1.87
6;1;1;10;0;0;1;2;4;6;6;10;1.83;1.1
7;1;1;10;0;0;0;0;3;5;6;9;3.42;1.27
8;1;1;10;0;0;0;2;5;6;7;8;1.78;2.12
9;1;1;10;0;0;2;3;3;4;6;9;3.60;1.96
10;1;1;10;0;0;0;0;3;6;7;8;3.899;0.78
11;1;1;10;0;0;0;1;1;2;2;10;3.91;1.16
12;1;1;10;0;0;2;3;3;4;4;10;1.11;0.72
13;1;1;10;0;0;1;2;4;5;8;10;1.05;0.74
14;1;1;10;0;0;1;2;7;9;9;10;1.6;0.96
15;1;1;10;0;0;1;2;4;6;6;7;1;0.45
1;1;2;10;0;0;0;0;1;1;6;6;0.66;1.49
2;1;2;10;0;0;0;2;3;5;5;5;0.22;0.86
3;1;2;10;0;0;0;2;3;3;7;7;0,11;0.22
4;1;2;10;0;0;0;1;3;3;6;6;0.62;1.31
5;1;2;10;0;0;0;2;3;6;6;6;0.12;1.79
6;1;2;10;0;0;0;2;3;5;5;5;0,13;1.97
7;1;2;10;0;0;0;0;0;0;0;0;0,17;1.04
8;1;2;10;0;0;0;0;1;1;5;4;0,21;1.03
9;1;2;10;0;0;1;1;1;2;3;3;0,09;1.13
10;1;2;10;0;0;0;0;0;0;0;0;0;1.59
11;1;2;10;0;0;0;0;0;0;0;0;0;1.44
12;1;2;10;0;0;0;0;0;0;0;0;0;1.14
13;1;2;10;0;0;0;0;0;0;0;0;0;1.55
14;1;2;10;0;0;0;0;0;0;0;0;0;1.04
15;1;2;10;0;0;0;0;0;0;0;0;0;1.14
1;1;3;10;0;0;0;0;0;0;0;0;0;1.51
2;1;3;10;0;0;0;0;0;0;0;0;0;0.44
3;1;3;10;0;0;0;0;0;0;0;0;0;0.87
4;1;3;10;0;0;0;0;0;0;0;0;0;0.61
5;1;3;10;0;0;0;0;0;0;0;0;0;0.9
6;1;3;10;0;0;0;0;0;0;0;0;0;1.34
7;1;3;10;0;0;0;0;0;0;0;0;0;1.02
8;1;3;10;0;0;0;0;0;0;0;0;0;1.16
9;1;3;10;0;0;0;0;0;0;0;0;0;0.78
10;1;3;10;0;0;0;0;0;0;0;0;0;1.89
11;1;3;10;0;0;0;0;0;0;0;0;0;0.81
12;1;3;10;0;0;0;0;0;0;0;0;0;1.47
13;1;3;10;0;0;0;0;0;0;0;0;0;1.44
14;1;3;10;0;0;0;0;0;0;0;0;0;1.23
15;1;3;10;0;0;0;0;0;0;0;0;0;1.09
1;2;1;10;0;0;0;0;0;0;0;10;4.2;1.86
2;2;1;10;0;0;0;1;2;5;8;9;4.04;1.54
3;2;1;10;0;0;0;0;2;4;5;10;3.07;2.16
4;2;1;10;0;0;0;0;3;4;7;9;3.5;2.06
5;2;1;10;0;0;0;1;3;6;9;9;3.8;1.57
6;2;1;10;0;0;0;2;3;4;7;8;3,02;1.23
7;2;1;10;0;0;0;0;2;4;7;9;1.73;2.12
8;2;1;10;0;0;0;0;1;5;6;7;2.28;1.65
9;2;1;10;0;0;0;0;0;0;0;0;0;1.19
10;2;1;10;0;0;0;1;2;5;6;6;2,51;2.16
11;2;1;10;0;0;0;0;1;4;5;7;1.85;2.18
12;2;1;10;0;0;0;0;1;4;6;9;2.05;1.12
13;2;1;10;0;0;0;3;4;5;7;9;2.23;2.05
14;2;1;10;0;0;0;1;2;5;6;7;2.09;2.18
15;2;1;10;0;0;0;2;3;4;5;9;2.13;1.05
1;2;2;10;0;0;0;0;3;5;6;5;0.7;1.21
2;2;2;10;0;0;0;0;1;2;3;3;0.27;1.43
3;2;2;10;0;0;0;0;4;5;7;7;2.57;2.38
4;2;2;10;0;0;0;0;2;3;3;3;1.01;1.06
5;2;2;10;0;0;0;0;3;3;3;4;0.79;2.35
6;2;2;10;0;0;0;0;1;2;2;4;0.55;1.21
7;2;2;10;0;0;0;0;2;2;3;4;0.71;1.88
8;2;2;10;0;0;0;0;1;2;3;4;10.25;2.65
9;2;2;10;0;0;0;0;1;1;2;2;0.13;1.69
10;2;2;10;0;0;0;0;1;2;4;5;0.17;2.41
11;2;2;10;0;0;0;0;1;3;4;6;0,2;2.14
12;2;2;10;0;0;0;0;2;3;4;5;0.52;1.54
13;2;2;10;0;0;0;0;2;4;5;7;1.338;1.24
14;2;2;10;0;0;0;0;2;3;5;8;0.75;1.88
15;2;2;10;0;0;0;0;1;1;3;5;0,14;1.83
1;2;3;10;0;0;0;0;0;0;0;0;0;2.18
2;2;3;10;0;0;0;0;0;0;0;0;0;1.34
3;2;3;10;0;0;0;0;0;0;0;0;0;1.42
4;2;3;10;0;0;0;0;0;0;0;0;0;1.66
5;2;3;10;0;0;0;0;0;0;0;0;0;2.22
6;2;3;10;0;0;0;0;0;0;0;0;0;1.23
7;2;3;10;0;0;0;0;0;0;0;0;0;0.95
8;2;3;10;0;0;0;0;0;0;0;0;0;1.23
9;2;3;10;0;0;0;0;0;0;0;0;0;1.64
10;2;3;10;0;0;0;0;0;0;0;0;0;1.96
11;2;3;10;0;0;0;0;0;0;0;0;0;1.25
12;2;3;10;0;0;0;0;0;0;0;0;0;1.23
13;2;3;10;0;0;0;0;0;0;0;0;0;1.36
14;2;3;10;0;0;0;0;0;0;0;0;0;1.19
15;2;3;10;0;0;0;0;0;0;0;0;0;1.63
